    10      3      3
    20      1      4
    30      1      5
    40      1      6
    50      3      9
    60      5     14
    70      1     15
    80      1     16
    90      1     17
   100      6     23
   110      1     24
   120      2     26
   130      2     28
   140      7     35
   150      7     42
   160      1     43
   170      5     48
   180      4     52
   190      5     57
   200      1     58
   210      7     65
   220      7     72
   230      7     79
   240      1     80
   250      7     87
   260      4     91
   270      5     96
   280      6    102
   290      8    110
   300      5    115
   310      1    116
   320      1    117
   330      1    118
   340      1    119
   350      1    120
   360      1    121
   370      1    122
   380      5    127
   390      1    128
   400      1    129
   410      5    134
   420      8    142
   430      1    143
   440      1    144
   450      8    152
   460      8    160
   470      8    168
   480      8    176
   490      1    177
   500      1    178
