    10      7      7
    20      8     15
    30      9     24
    40     20     44
    50     32     76
    60      7     83
    70     56    139
    80     58    197
    90     82    279
   100     89    368
   110     40    408
   120     81    489
   130     81    570
   140     21    591
   150     17    608
   160    107    715
   170    134    849
   180    171   1020
   190    120   1140
   200     94   1234
   210    100   1334
   220    168   1502
   230     18   1520
   240    217   1737
   250     11   1748
   260    188   1936
   270     25   1961
   280    148   2109
   290    160   2269
   300     91   2360
   310    193   2553
   320    297   2850
   330    221   3071
   340    150   3221
   350     61   3282
   360    246   3528
   370    205   3733
   380    105   3838
   390    356   4194
   400    260   4454
   410    187   4641
   420    163   4804
   430    238   5042
   440    221   5263
   450    300   5563
   460     41   5604
   470     90   5694
   480     80   5774
   490    162   5936
   500    254   6190
